20150801
20150802
20150803
20150804
20150805
20150806
20150807
20150808
20150809
20150810
20150811
20150812
20150813
20150814
20150815
20150816
20150817
20150818
20150819
20150820
20150821
20150822
20150823
20150824
20150825
20150826
20150827
20150828
20150829
20150830
20150831
20150901
20150902
20150903
20150904
20150905
20150906
20150907
20150908
20150909
20150910
20150911
20150912
20150913
20150914
20150915
20150916
20150917
20150918
20150919
20150920
20150921
20150922
20150923
20150924
20150925
20150926
20150927
20150928
20150929
20150930
20151001
20151002
20151003
20151004
20151005
20151006
20151007
20151008
20151009
20151010
20151011
20151012
20151013
20151014
20151015
20151016
20151017
20151018
20151019
20151020
20151021
20151022
20151023
20151024
20151025
20151026
20151027
20151028
20151029
20151030
20151031
20151101
20151102
20151103
20151104
20151105
20151106
20151107
20151108
20151109
20151110
20151111
20151112
20151113
20151114
20151115
20151116
20151117
20151118
20151119
20151120
20151121
20151122
20151123
20151124
20151125
20151126
20151127
20151128
20151129
20151130
20151201
20151202
20151203
20151204
20151205
20151206
20151207
20151208
20151209
20151210
20151211
20151212
20151213
20151214
20151215
20151216
20151217
20151218
20151219
20151220
20151221
20151222
20151223
20151224
20151225
20151226
20151227
20151228
20151229
20151230
20151231
20160101
20160102
20160103
20160104
20160105
20160106
20160107
20160108
20160109
20160110
20160111
20160112
20160113
20160114
20160115
20160116
20160117
20160118
20160119
20160120
20160121
20160122
20160123
20160124
20160125
20160126
20160127
20160128
20160129
20160130
20160131
20160201
