20130801
20130802
20130803
20130804
20130805
20130806
20130807
20130808
20130809
20130810
20130811
20130812
20130813
20130814
20130815
20130816
20130817
20130818
20130819
20130820
20130821
20130822
20130823
20130824
20130825
20130826
20130827
20130828
20130829
20130830
20130831
20130901
20130902
20130903
20130904
20130905
20130906
20130907
20130908
20130909
20130910
20130911
20130912
20130913
20130914
20130915
20130916
20130917
20130918
20130919
20130920
20130921
20130922
20130923
20130924
20130925
20130926
20130927
20130928
20130929
20130930
20131001
20131002
20131003
20131004
20131005
20131006
20131007
20131008
20131009
20131010
20131011
20131012
20131013
20131014
20131015
20131016
20131017
20131018
20131019
20131020
20131021
20131022
20131023
20131024
20131025
20131026
20131027
20131028
20131029
20131030
20131031
20131101
20131102
20131103
20131104
20131105
20131106
20131107
20131108
20131109
20131110
20131111
20131112
20131113
20131114
20131115
20131116
20131117
20131118
20131119
20131120
20131121
20131122
20131123
20131124
20131125
20131126
20131127
20131128
20131129
20131130
20131201
20131202
20131203
20131204
20131205
20131206
20131207
20131208
20131209
20131210
20131211
20131212
20131213
20131214
20131215
20131216
20131217
20131218
20131219
20131220
20131221
20131222
20131223
20131224
20131225
20131226
20131227
20131228
20131229
20131230
20131231
20140101
20140102
20140103
20140104
20140105
20140106
20140107
20140108
20140109
20140110
20140111
20140112
20140113
20140114
20140115
20140116
20140117
20140118
20140119
20140120
20140121
20140122
20140123
20140124
20140125
20140126
20140127
20140128
20140129
20140130
20140131
20140201
