20160801
20160802
20160803
20160804
20160805
20160806
20160807
20160808
20160809
20160810
20160811
20160812
20160813
20160814
20160815
20160816
20160817
20160818
20160819
20160820
20160821
20160822
20160823
20160824
20160825
20160826
20160827
20160828
20160829
20160830
20160831
20160901
20160902
20160903
20160904
20160905
20160906
20160907
20160908
20160909
20160910
20160911
20160912
20160913
20160914
20160915
20160916
20160917
20160918
20160919
20160920
20160921
20160922
20160923
20160924
20160925
20160926
20160927
20160928
20160929
20160930
20161001
20161002
20161003
20161004
20161005
20161006
20161007
20161008
20161009
20161010
20161011
20161012
20161013
20161014
20161015
20161016
20161017
20161018
20161019
20161020
20161021
20161022
20161023
20161024
20161025
20161026
20161027
20161028
20161029
20161030
20161031
20161101
20161102
20161103
20161104
20161105
20161106
20161107
20161108
20161109
20161110
20161111
20161112
20161113
20161114
20161115
20161116
20161117
20161118
20161119
20161120
20161121
20161122
20161123
20161124
20161125
20161126
20161127
20161128
20161129
20161130
20161201
20161202
20161203
20161204
20161205
20161206
20161207
20161208
20161209
20161210
20161211
20161212
20161213
20161214
20161215
20161216
20161217
20161218
20161219
20161220
20161221
20161222
20161223
20161224
20161225
20161226
20161227
20161228
20161229
20161230
20161231
20170101
20170102
20170103
20170104
20170105
20170106
20170107
20170108
20170109
20170110
20170111
20170112
20170113
20170114
20170115
20170116
20170117
20170118
20170119
20170120
20170121
20170122
20170123
20170124
20170125
20170126
20170127
20170128
20170129
20170130
20170131
20170201
