20190801
20190802
20190803
20190804
20190805
20190806
20190807
20190808
20190809
20190810
20190811
20190812
20190813
20190814
20190815
20190816
20190817
20190818
20190819
20190820
20190821
20190822
20190823
20190824
20190825
20190826
20190827
20190828
20190829
20190830
20190831
20190901
20190902
20190903
20190904
20190905
20190906
20190907
20190908
20190909
20190910
20190911
20190912
20190913
20190914
20190915
20190916
20190917
20190918
20190919
20190920
20190921
20190922
20190923
20190924
20190925
20190926
20190927
20190928
20190929
20190930
20191001
20191002
20191003
20191004
20191005
20191006
20191007
20191008
20191009
20191010
20191011
20191012
20191013
20191014
20191015
20191016
20191017
20191018
20191019
20191020
20191021
20191022
20191023
20191024
20191025
20191026
20191027
20191028
20191029
20191030
20191031
20191101
20191102
20191103
20191104
20191105
20191106
20191107
20191108
20191109
20191110
20191111
20191112
20191113
20191114
20191115
20191116
20191117
20191118
20191119
20191120
20191121
20191122
20191123
20191124
20191125
20191126
20191127
20191128
20191129
20191130
20191201
20191202
20191203
20191204
20191205
20191206
20191207
20191208
20191209
20191210
20191211
20191212
20191213
20191214
20191215
20191216
20191217
20191218
20191219
20191220
20191221
20191222
20191223
20191224
20191225
20191226
20191227
20191228
20191229
20191230
20191231
20200101
20200102
20200103
20200104
20200105
20200106
20200107
20200108
20200109
20200110
20200111
20200112
20200113
20200114
20200115
20200116
20200117
20200118
20200119
20200120
20200121
20200122
20200123
20200124
20200125
20200126
20200127
20200128
20200129
20200130
20200131
20200201
