20120801
20120802
20120803
20120804
20120805
20120806
20120807
20120808
20120809
20120810
20120811
20120812
20120813
20120814
20120815
20120816
20120817
20120818
20120819
20120820
20120821
20120822
20120823
20120824
20120825
20120826
20120827
20120828
20120829
20120830
20120831
20120901
20120902
20120903
20120904
20120905
20120906
20120907
20120908
20120909
20120910
20120911
20120912
20120913
20120914
20120915
20120916
20120917
20120918
20120919
20120920
20120921
20120922
20120923
20120924
20120925
20120926
20120927
20120928
20120929
20120930
20121001
20121002
20121003
20121004
20121005
20121006
20121007
20121008
20121009
20121010
20121011
20121012
20121013
20121014
20121015
20121016
20121017
20121018
20121019
20121020
20121021
20121022
20121023
20121024
20121025
20121026
20121027
20121028
20121029
20121030
20121031
20121101
20121102
20121103
20121104
20121105
20121106
20121107
20121108
20121109
20121110
20121111
20121112
20121113
20121114
20121115
20121116
20121117
20121118
20121119
20121120
20121121
20121122
20121123
20121124
20121125
20121126
20121127
20121128
20121129
20121130
20121201
20121202
20121203
20121204
20121205
20121206
20121207
20121208
20121209
20121210
20121211
20121212
20121213
20121214
20121215
20121216
20121217
20121218
20121219
20121220
20121221
20121222
20121223
20121224
20121225
20121226
20121227
20121228
20121229
20121230
20121231
20130101
20130102
20130103
20130104
20130105
20130106
20130107
20130108
20130109
20130110
20130111
20130112
20130113
20130114
20130115
20130116
20130117
20130118
20130119
20130120
20130121
20130122
20130123
20130124
20130125
20130126
20130127
20130128
20130129
20130130
20130131
20130201
