20180801
20180802
20180803
20180804
20180805
20180806
20180807
20180808
20180809
20180810
20180811
20180812
20180813
20180814
20180815
20180816
20180817
20180818
20180819
20180820
20180821
20180822
20180823
20180824
20180825
20180826
20180827
20180828
20180829
20180830
20180831
20180901
20180902
20180903
20180904
20180905
20180906
20180907
20180908
20180909
20180910
20180911
20180912
20180913
20180914
20180915
20180916
20180917
20180918
20180919
20180920
20180921
20180922
20180923
20180924
20180925
20180926
20180927
20180928
20180929
20180930
20181001
20181002
20181003
20181004
20181005
20181006
20181007
20181008
20181009
20181010
20181011
20181012
20181013
20181014
20181015
20181016
20181017
20181018
20181019
20181020
20181021
20181022
20181023
20181024
20181025
20181026
20181027
20181028
20181029
20181030
20181031
20181101
20181102
20181103
20181104
20181105
20181106
20181107
20181108
20181109
20181110
20181111
20181112
20181113
20181114
20181115
20181116
20181117
20181118
20181119
20181120
20181121
20181122
20181123
20181124
20181125
20181126
20181127
20181128
20181129
20181130
20181201
20181202
20181203
20181204
20181205
20181206
20181207
20181208
20181209
20181210
20181211
20181212
20181213
20181214
20181215
20181216
20181217
20181218
20181219
20181220
20181221
20181222
20181223
20181224
20181225
20181226
20181227
20181228
20181229
20181230
20181231
20190101
20190102
20190103
20190104
20190105
20190106
20190107
20190108
20190109
20190110
20190111
20190112
20190113
20190114
20190115
20190116
20190117
20190118
20190119
20190120
20190121
20190122
20190123
20190124
20190125
20190126
20190127
20190128
20190129
20190130
20190131
20190201
